49
14
35
8
12
1
21
29
46
28
49
1
47
50
6
28
13
10
35
4
3
40
31
11
25
4
32
38
24
47
40
29
8
7
27
28
35
42
30
19
35
41
26
21
23
11
1
8
14
25
6
10
50
11
28
27
11
50
44
32
5
38
38
15
19
31
28
16
38
11
32
48
25
37
46
44
31
8
6
46
5
20
6
35
37
48
49
17
7
35
37
49
17
48
13
46
46
40
38
11
30
27
41
33
21
4
10
27
2
23
42
20
50
3
25
48
11
4
29
14
19
12
19
14
36
46
6
23
21
45
32
6
23
31
17
48
25
48
45
25
35
50
46
7
7
26
41
24
8
12
19
6
27
40
37
20
32
40
31
17
28
22
14
30
41
2
46
15
39
43
29
27
22
27
42
6
13
36
41
3
27
31
49
12
8
33
3
1
2
17
4
3
12
11
11
41
2
1
48
33
42
23
37
50
16
41
28
26
1
44
34
17
21
15
26
15
9
38
27
49
11
12
39
31
7
33
31
22
17
31
25
21
27
25
13
29
8
20
17
49
48
8
28
36
18
47
17
22
3
20
